1 -3 -4 08:00 11:00 144,653 13,845
2 -3 -4 16:00 19:00 132,975 13,845
3 -3 -2 13:00 17:00 48,9623 11,198
4 -3 -2 20:00 00:00 48,9623 11198
5 -3 -1 07:00 08:00 288,094 5138
6 -3 -1 15:00 16:00 369,597 5138
11 -4 -3 08:00 11:00 174 13845
12 -4 -3 15:00 18:00 165 13845
13 -4 -1 07:00 11:00 135 12589
14 -4 -1 13:00 17:00 133,5 12589
15 -4 -2 12:00 18:00 22,5 15000
21 -2 -3 02:00 06:00 78,4751 11198
22 -2 -3 10:00 14:00 89,0911 11198
23 -2 -1 01:00 05:00 89,2936 9176
24 -2 -1 11:00 15:00 53,6776 9176
25 -2 -4 04:00 10:00 19,4626 15000
31 -1 -3 06:00 07:00 281,678 5138
32 -1 -3 13:00 14:00 245 5138
33 -1 -2 12:00 16:00 100,094 9176
34 -1 -2 19:00 23:00 109,481 9176
35 -1 -4 08:00 12:00 130,616 12589
36 -1 -4 17:00 21:00 202,294 12589